1	1	1480575392
1	1	1480604221
1	1	1480612311
1	1	1480613688
1	1	1480615245
1	1	1480615818
1	1	1480616691
1	1	1480617434
1	1	1480649639
1	1	1480651392
1	1	1480653020
1	1	1480654735
1	1	1482818366
1	1	1509740898
1	1	1509741240
1	1	1509741687
1	2	1480608225
1	2	1480615846
1	2	1480616880
1	2	1480617041
1	2	1480623856
1	2	1480644298
1	2	1480651289
1	2	1480651493
1	2	1480654394
1	2	1480655816
1	2	1480694007
1	2	1480825649
1	2	1482898878
2	1	1480655260
2	1	1480655588
2	1	1480656643
2	1	1480657284
2	1	1480665488
2	1	1480695282
2	1	1480695532
2	1	1480703676
2	1	1480714470
2	1	1480745038
2	1	1480841363
2	1	1480949623
2	1	1482900102
2	1	1509743929
2	2	1480656081
2	2	1480657234
2	2	1480658041
2	2	1480696424
2	2	1480696645
2	2	1480706123
2	2	1480715079
2	2	1480715178
2	2	1480751156
2	2	1480843148
2	2	1480950914
2	2	1481490059
2	2	1482900911
3	1	1480741485
3	1	1480742972
3	1	1480787810
3	1	1480789160
3	1	1480791840
3	1	1480809394
3	1	1480815769
3	1	1480817185
3	1	1480823985
3	1	1480846257
3	1	1480961452
3	1	1482982614
3	2	1480741754
3	2	1480743549
3	2	1480788724
3	2	1480790942
3	2	1480792801
3	2	1480810277
3	2	1480817070
3	2	1480825463
3	2	1480825921
3	2	1480849604
3	2	1480964631
3	2	1482986095
4	1	1480828863
4	1	1480829423
4	1	1480829567
4	1	1480830568
4	1	1480830896
4	1	1480832545
4	1	1480858605
4	1	1480869430
4	1	1480894316
4	1	1481048738
4	1	1483046891
4	1	1491762735
4	2	1480829273
4	2	1480830248
4	2	1480831267
4	2	1480832055
4	2	1480832092
4	2	1480835056
4	2	1480859309
4	2	1480870913
4	2	1480896243
4	2	1481050070
4	2	1483117594
4	2	1491764428
5	1	1480914721
5	1	1480916076
5	1	1480928850
5	1	1480948361
5	1	1480999191
5	1	1481002296
5	1	1481031226
5	1	1481053306
5	1	1481170715
5	1	1481941557
5	1	1483138435
5	1	1491767023
5	2	1480915219
5	2	1480916950
5	2	1480933689
5	2	1480948967
5	2	1481002263
5	2	1481002723
5	2	1481032683
5	2	1481054640
5	2	1481174730
5	2	1481943068
5	2	1483140856
5	2	1491768502
6	1	1481000746
6	1	1481000873
6	1	1481001291
6	1	1481001380
6	1	1481001475
6	1	1481004076
6	1	1481076623
6	1	1481129400
6	1	1481944176
6	1	1481950454
6	1	1483148925
6	1	1491769893
6	1	1513972198
6	2	1481000791
6	2	1481000925
6	2	1481001409
6	2	1481001518
6	2	1481001570
6	2	1481004279
6	2	1481076787
6	2	1481129470
6	2	1481944591
6	2	1481950759
6	2	1483149103
6	2	1491770724
6	2	1513972296
7	1	1481088101
7	1	1481089779
7	1	1481093293
7	1	1481115348
7	1	1481121009
7	1	1481134791
7	1	1481170332
7	1	1481269933
7	1	1481991081
7	1	1489948417
7	1	1491775132
7	2	1481088420
7	2	1481090562
7	2	1481095391
7	2	1481116104
7	2	1481127342
7	2	1481135688
7	2	1481172019
7	2	1481271726
7	2	1481997273
7	2	1490474111
7	2	1491776374
8	1	1481174531
8	1	1481175486
8	1	1481175781
8	1	1481177165
8	1	1481201622
8	1	1481234511
8	1	1481283332
8	1	1507415234
8	2	1481174687
8	2	1481175534
8	2	1481176135
8	2	1481201641
8	2	1481208016
8	2	1481283357
8	2	1481293053
8	2	1507415306
9	1	1481261369
9	1	1481262412
9	1	1481289327
9	1	1481295402
9	1	1481297374
9	1	1481594516
9	1	1481947842
9	1	1507417971
9	2	1481262968
9	2	1481265556
9	2	1481318496
9	2	1481320685
9	2	1481343236
9	2	1481598653
9	2	1507420039
10	1	1481348016
10	1	1481349462
10	1	1481349626
10	1	1481349927
10	1	1481354583
10	1	1481569294
10	1	1481879327
10	1	1507501086
10	2	1481348178
10	2	1481349634
10	2	1481349781
10	2	1481350126
10	2	1481354878
10	2	1481569758
10	2	1481879455
10	2	1507501370
11	1	1481436318
11	1	1481439408
11	1	1481491144
11	1	1481635041
11	1	1507586917
11	2	1481439640
11	2	1481587367
11	2	1481674534
11	2	1481766603
11	2	1507590096
12	1	1481519720
12	1	1481554982
12	1	1481601269
12	1	1481602825
12	1	1481807225
12	2	1481519780
12	2	1481555076
12	2	1481601342
12	2	1481602985
12	2	1481807537
13	1	1481608414
13	1	1481612900
13	1	1481613783
13	1	1481862663
13	1	1481892806
13	2	1481608587
13	2	1481614336
13	2	1481614764
13	2	1481864931
13	2	1481894448
14	1	1481694319
14	1	1481694396
14	1	1481731216
14	1	1481944614
14	1	1482078714
14	2	1481695251
14	2	1481700129
14	2	1481731572
14	2	1482080510
15	1	1481778750
15	1	1481779284
15	1	1481781837
15	1	1482085763
15	2	1481778867
15	2	1481779356
15	2	1481782003
15	2	1482085974
16	1	1481865573
16	1	1481865790
16	1	1481902853
16	1	1482088156
16	2	1481865666
16	2	1481868324
16	2	1481902994
16	2	1482089114
17	1	1481956846
17	1	1481990833
17	1	1482110944
17	2	1481957474
17	2	1481991123
17	2	1482117590
18	1	1482038333
18	1	1482038838
18	1	1482154133
18	2	1482038915
18	2	1482040450
18	2	1482154205
19	1	1482125505
19	1	1482126962
19	1	1482206040
19	2	1482129763
19	2	1482211558
19	2	1482324337
20	1	1482212184
20	1	1482214543
20	1	1482240980
20	2	1482213571
20	2	1482241509
20	2	1482242433
21	1	1482299312
21	1	1482299479
21	1	1482409559
21	2	1482299951
21	2	1482300521
21	2	1482411410
22	1	1482383949
22	1	1482385551
22	1	1482499651
22	2	1482389389
22	2	1482617319
23	1	1482471101
23	1	1482564990
23	1	1482672152
23	2	1482473214
23	2	1482605481
23	2	1483809831
24	1	1482561764
24	1	1482772688
24	1	1482786755
24	2	1482562010
24	2	1482772802
24	2	1482786825
25	1	1482644451
25	1	1482645007
25	1	1484411048
25	2	1482645035
25	2	1484411227
